1.057
9.742
1.048
10.767
9.572
9.626
13.515
9.707
10.079
10.614
10.021
10.125
9.610
1.061
10.351
10.566
1.048
1.072
10.122
9.594
9.205
10.725
9.493
10.149
10.158
9.991
13.680
12.510
10.145
9.953
9.528
10.145
12.328
9.229
10.392
1.550
1.068
10.831
9.447
10.091
13.087
9.548
1.081
1.770
1.079
1.079
13.179
12.395
9.601
10.604
9.515
10.820
11.582
12.322
11.653
11.678
12.786
11.506
11.203
12.327
12.346
11.102
11.229
11.490
12.350
12.191
12.052
1.070
12.448
11.198
11.672
11.220
12.336
13.301
11.760
12.215
11.192
12.283
11.588
11.482
12.801
11.683
12.788
12.323
12.337
11.468
11.481
11.225
11.700
11.195
12.267
12.284
11.036
12.305
11.819
11.813
11.616
12.304
11.399
11.672
